52 4 0 -32
53 4 0 -33
51 4 0 -32
50 4 0 -32
49 4 0 -33
48 4 0 -33
47 4 0 -33
46 4 0 -34
45 4 0 -35
44 4 0 -38
43 4 0 -38
42 4 0 -38
41 4 0 -39
40 4 0 -38
40 3 0 -36
40 2 0 -37
40 1 0 -39
40 0 0 -41
39 0 0 -42
54 4 0 -33
55 4 0 -33
56 4 0 -36
57 4 0 -41
58 4 0 -66
59 4 0 -202
59 3 0 -221
60 3 0 -254
60 4 0 -255
32 19 0 -32
32 20 0 -33
32 18 0 -32
32 17 0 -32
32 16 0 -32
32 15 0 -32
32 14 0 -32
32 13 0 -32
32 12 0 -32
32 11 0 -32
32 10 0 -32
32 9 0 -32
32 8 0 -32
32 7 0 -32
32 6 0 -33
33 6 0 -33
33 5 0 -33
33 4 0 -33
34 4 0 -33
35 4 0 -33
36 4 0 -33
37 4 0 -34
38 4 0 -35
39 4 0 -36
39 3 0 -36
39 2 0 -38
39 1 0 -41
33 20 0 -33
34 20 0 -33
34 21 0 -33
34 22 0 -33
33 22 0 -33
32 22 0 -33
32 23 0 -33
32 24 0 -33
31 24 0 -33
30 24 0 -33
30 25 0 -33
30 26 0 -33
29 26 0 -33
28 26 0 -33
28 27 0 -33
28 28 0 -34
28 29 0 -34
29 29 0 -34
30 29 0 -37
30 30 0 -39
31 30 0 -41
31 31 0 -42
30 31 0 -42
29 31 0 -42
29 32 0 -50
29 33 0 -58
30 33 0 -64
30 34 0 -95
31 34 0 -126
31 35 0 -255
30 35 0 -255
60 22 0 -32
60 23 0 -33
60 21 0 -32
60 20 0 -32
60 19 0 -32
60 18 0 -32
60 17 0 -33
60 16 0 -34
60 15 0 -34
60 14 0 -34
60 13 0 -34
60 12 0 -34
60 11 0 -34
60 10 0 -35
60 9 0 -38
60 8 0 -39
60 7 0 -39
60 6 0 -47
60 5 0 -66
60 24 0 -33
60 25 0 -34
60 26 0 -35
61 26 0 -34
62 26 0 -34
62 27 0 -34
62 28 0 -34
62 29 0 -34
62 30 0 -34
62 31 0 -33
62 32 0 -33
62 33 0 -33
62 34 0 -33
62 35 0 -33
62 36 0 -33
62 37 0 -33
62 38 0 -33
62 39 0 -34
62 40 0 -35
62 41 0 -36
62 42 0 -37
63 42 0 -38
63 43 0 -54
63 44 0 -65
63 45 0 -78
63 46 0 -79
62 46 0 -81
62 47 0 -125
63 47 0 -132
63 48 0 -254
62 48 0 -254
62 49 0 -255
61 49 0 -255
59 55 0 -42
59 56 0 -44
59 54 0 -45
59 53 0 -56
59 52 0 -75
59 51 0 -94
60 51 0 -255
60 50 0 -255
61 50 0 -255
58 56 0 -45
58 57 0 -46
58 58 0 -45
57 58 0 -45
56 58 0 -47
56 59 0 -55
56 60 0 -69
55 60 0 -69
54 60 0 -108
54 61 0 -247
54 62 0 -255
53 62 0 -255
53 63 3 -95
53 63 4 -254
53 63 2 -143
53 63 1 -254
53 63 0 -255
53 63 5 -255
52 63 5 -255
58 4 25 -32
58 4 26 -33
58 4 24 -32
58 4 23 -32
58 4 22 -32
58 4 21 -32
58 4 20 -32
58 4 19 -32
58 4 18 -32
58 4 17 -32
58 4 16 -32
58 4 15 -32
58 4 14 -32
58 4 13 -32
58 4 12 -32
58 4 11 -32
58 4 10 -32
58 4 9 -32
58 4 8 -32
58 4 7 -33
58 4 6 -33
58 4 5 -36
58 4 4 -37
58 4 3 -37
58 4 2 -45
58 3 2 -48
58 3 1 -77
58 2 1 -84
59 2 1 -243
60 2 1 -254
61 2 1 -255
61 3 1 -255
60 3 1 -255
58 4 27 -34
59 4 27 -35
60 4 27 -36
61 4 27 -37
61 4 28 -44
61 4 29 -66
60 4 29 -80
60 4 30 -255
60 3 30 -255
60 2 30 -255
60 1 30 -255
60 0 30 -255
59 0 30 -255
58 0 30 -255
37 14 32 -33
38 14 32 -33
36 14 32 -33
35 14 32 -33
35 13 32 -33
35 12 32 -33
35 11 32 -33
35 10 32 -33
35 9 32 -33
35 9 31 -33
35 8 31 -33
35 7 31 -33
35 6 31 -33
35 5 31 -33
35 4 31 -33
34 4 31 -33
34 4 30 -33
33 4 30 -33
33 4 29 -33
32 4 29 -33
31 4 29 -33
30 4 29 -33
29 4 29 -33
28 4 29 -33
28 4 28 -33
27 4 28 -33
26 4 28 -33
26 4 29 -33
26 4 30 -34
27 4 30 -35
27 4 31 -38
28 4 31 -39
29 4 31 -40
29 4 32 -45
28 4 32 -46
28 4 33 -68
28 3 33 -70
28 2 33 -83
28 1 33 -85
29 1 33 -103
29 0 33 -104
29 0 34 -254
29 0 35 -255
28 0 35 -255
27 0 35 -255
26 0 35 -255
38 14 31 -33
39 14 31 -33
39 13 31 -33
39 12 31 -33
39 11 31 -33
39 10 31 -33
39 9 31 -33
40 9 31 -33
40 9 30 -33
40 8 30 -33
41 8 30 -33
41 7 30 -33
42 7 30 -33
42 7 29 -33
42 6 29 -33
43 6 29 -33
43 7 29 -33
43 8 29 -33
43 9 29 -33
43 9 28 -33
44 9 28 -33
44 10 28 -33
44 11 28 -33
44 11 27 -33
44 12 27 -33
44 13 27 -33
44 14 27 -33
44 15 27 -33
44 15 26 -33
45 15 26 -33
45 16 26 -33
45 17 26 -33
45 18 26 -33
45 19 26 -33
45 19 25 -33
45 20 25 -33
46 20 25 -33
46 21 25 -33
46 22 25 -33
46 23 25 -33
46 24 25 -33
46 25 25 -33
46 26 25 -33
46 27 25 -33
46 27 24 -33
47 27 24 -33
48 27 24 -33
48 28 24 -33
48 29 24 -33
48 29 23 -33
49 29 23 -33
49 30 23 -33
50 30 23 -33
50 31 23 -33
50 32 23 -33
50 33 23 -33
50 33 22 -33
51 33 22 -33
51 34 22 -33
51 34 21 -33
51 35 21 -33
51 36 21 -33
52 36 21 -33
53 36 21 -33
53 37 21 -33
53 38 21 -33
53 39 21 -33
53 40 21 -33
53 41 21 -33
53 42 21 -33
53 43 21 -33
53 43 20 -33
53 44 20 -33
52 44 20 -33
51 44 20 -33
51 45 20 -33
51 46 20 -34
51 47 20 -35
52 47 20 -35
53 47 20 -36
53 48 20 -39
53 49 20 -47
53 50 20 -69
54 50 20 -73
54 51 20 -254
53 51 20 -254
52 51 20 -254
51 51 20 -254
51 52 20 -255
51 52 19 -255
51 53 19 -255
51 53 18 -255
50 53 18 -255
50 54 18 -255
50 54 17 -255
49 54 17 -255
48 54 17 -255
48 55 17 -255
48 55 16 -255
48 56 16 -255
48 56 15 -255
48 57 15 -255
48 57 14 -255
48 58 14 -255
48 58 13 -255
48 59 13 -255
48 59 12 -255
48 60 12 -255
48 60 11 -255
49 60 11 -255
49 60 10 -255
50 60 10 -255
50 61 10 -255
50 61 9 -255
50 62 9 -255
50 62 8 -255
51 62 8 -255
52 62 8 -255
52 62 7 -255
53 62 7 -255
53 62 6 -255
53 63 6 -255
0 4 24 -34
0 4 25 -35
0 4 23 -34
1 4 23 -34
1 4 22 -34
1 4 21 -34
1 4 20 -38
1 4 19 -46
2 4 19 -83
2 5 19 -87
2 6 19 -90
2 6 20 -111
0 4 26 -35
0 4 27 -36
0 4 28 -37
0 5 28 -38
0 5 29 -38
0 5 30 -39
0 5 31 -40
0 4 31 -40
0 4 32 -46
0 4 33 -62
0 5 33 -68
0 5 34 -122
0 5 35 -183
0 5 36 -251
0 5 37 -255
0 4 37 -255
0 27 57 -36
0 28 57 -35
0 26 57 -36
0 26 58 -37
0 25 58 -37
0 24 58 -37
0 24 59 -38
0 23 59 -38
0 22 59 -38
0 21 59 -39
0 20 59 -40
0 19 59 -47
0 18 59 -56
0 17 59 -57
0 17 58 -58
0 16 58 -107
0 15 58 -115
0 15 59 -118
0 28 56 -35
0 29 56 -35
0 30 56 -35
0 30 55 -35
0 30 54 -36
0 31 54 -36
0 31 53 -35
0 32 53 -35
0 32 52 -36
0 33 52 -35
0 33 51 -36
0 33 50 -36
0 34 50 -38
0 35 50 -39
0 36 50 -39
0 36 49 -43
0 37 49 -49
0 37 48 -67
0 38 48 -141
0 38 47 -232
0 39 47 -255
0 39 46 -255
0 40 46 -255
0 40 45 -255
0 41 45 -255
0 41 44 -255
1 41 44 -255
2 41 44 -255
2 42 44 -255
2 43 44 -255
2 43 43 -255
3 43 43 -255
3 44 43 -255
3 45 43 -255
3 45 42 -255
4 45 42 -255
5 45 42 -255
5 46 42 -255
5 47 42 -255
5 48 42 -255
5 49 42 -255
5 50 42 -255
5 51 42 -255
5 52 42 -255
5 52 41 -255
6 52 41 -255
6 53 41 -255
6 54 41 -255
6 54 40 -255
6 55 40 -255
6 55 39 -255
5 55 39 -255
5 56 39 -255
5 56 38 -255
6 56 38 -255
6 57 38 -255
6 57 37 -255
6 58 37 -255
6 59 37 -255
6 59 36 -255
60 46 38 -35
61 46 38 -61
59 46 38 -36
58 46 38 -55
57 46 38 -244
57 45 38 -254
56 45 38 -255
56 45 37 -255
55 45 37 -255
55 45 36 -255
55 45 35 -255
55 44 35 -255
55 44 34 -255
55 44 33 -255
55 44 32 -255
55 43 32 -255
55 43 31 -255
55 43 30 -255
55 43 29 -255
55 43 28 -255
55 43 27 -255
55 42 27 -255
54 42 27 -255
54 42 26 -255
53 42 26 -255
52 42 26 -255
51 42 26 -255
51 43 26 -255
51 44 26 -255
51 44 25 -255
51 45 25 -255
51 46 25 -255
51 46 24 -255
51 47 24 -255
51 48 24 -255
51 48 23 -255
51 49 23 -255
51 49 22 -255
52 49 22 -255
53 49 22 -255
53 50 22 -255
53 50 21 -255
53 51 21 -255
52 51 21 -255
51 51 21 -255
50 51 21 -255
49 51 21 -255
48 51 21 -255
48 52 21 -255
48 52 20 -255
49 52 20 -255
50 52 20 -255
62 46 38 -254
62 46 37 -254
62 46 36 -254
63 46 36 -254
63 46 35 -254
0 2 51 -215
0 3 51 -243
0 1 51 -250
0 0 51 -254
0 4 51 -254
0 5 51 -255
0 5 50 -255
0 5 49 -255
0 5 48 -255
0 5 47 -255
0 5 46 -255
0 5 45 -255
0 5 44 -255
0 5 43 -255
0 5 42 -255
0 5 41 -255
0 5 40 -255
0 5 39 -255
0 5 38 -255
0 14 56 -95
0 15 56 -97
0 13 56 -102
0 12 56 -170
0 11 56 -255
0 11 55 -255
0 10 55 -255
0 10 54 -255
0 9 54 -255
0 9 53 -255
0 8 53 -255
0 8 52 -255
0 8 51 -255
0 8 50 -255
0 8 49 -255
0 7 49 -255
0 7 48 -255
0 7 47 -255
0 7 46 -255
0 6 46 -255
0 6 45 -255
0 6 44 -255
0 15 57 -103
0 18 62 -117
0 18 63 -118
0 18 61 -125
0 17 61 -129
0 19 63 -128
0 16 61 -101
0 16 60 -117
0 16 59 -102
3 7 20 -70
4 7 20 -254
2 7 20 -107
5 7 20 -255
5 7 19 -255
5 7 18 -255
5 6 18 -255
5 5 18 -255
5 4 18 -255
5 4 17 -255
6 4 17 -255
6 3 17 -255
6 3 16 -255
6 2 16 -255
6 2 15 -255
6 1 15 -255
6 0 15 -255
6 0 14 -255
7 0 14 -255
7 0 13 -255
8 0 13 -255
8 0 12 -255
8 0 11 -255
8 0 10 -255
9 0 10 -255
9 0 9 -255
9 0 8 -255
9 1 8 -255
9 1 7 -255
10 1 7 -255
10 1 6 -255
11 1 6 -255
11 2 6 -255
11 2 5 -255
11 3 5 -255
10 3 5 -255
10 4 5 -255
10 4 4 -255
11 4 4 -255
12 4 4 -255
12 5 4 -255
12 5 3 -255
13 5 3 -255
13 5 2 -255
14 5 2 -255
14 6 2 -255
14 6 1 -255
14 7 1 -255
14 7 0 -255
15 7 0 -255
16 7 0 -255
17 7 0 -255
18 7 0 -255
19 7 0 -255
19 6 0 -254
19 5 0 -255
19 4 0 -255
19 3 0 -254
19 2 0 -255
19 1 0 -255
19 0 0 -255
18 0 0 -255
0 48 6 -144
0 49 6 -71
0 47 6 -146
0 47 7 -255
0 46 7 -255
0 46 8 -255
0 45 8 -255
0 44 8 -255
0 44 9 -255
0 43 9 -255
0 42 9 -255
0 41 9 -255
0 41 10 -255
0 40 10 -255
0 39 10 -255
1 39 10 -255
2 39 10 -255
2 38 10 -255
2 38 11 -255
2 37 11 -255
2 36 11 -255
1 36 11 -255
1 36 12 -255
1 35 12 -255
1 34 12 -255
1 34 13 -255
1 33 13 -255
2 33 13 -255
3 33 13 -255
3 32 13 -255
3 32 14 -255
3 31 14 -255
3 30 14 -255
3 29 14 -255
3 29 15 -255
3 28 15 -255
3 27 15 -255
3 26 15 -255
3 25 15 -255
3 25 16 -255
3 24 16 -255
3 23 16 -255
3 22 16 -255
3 22 17 -255
3 21 17 -255
3 20 17 -255
3 19 17 -255
4 19 17 -255
4 18 17 -255
4 18 18 -255
4 17 18 -255
4 16 18 -255
4 15 18 -255
4 14 18 -255
5 14 18 -255
5 13 18 -255
5 12 18 -255
5 11 18 -255
5 10 18 -255
6 10 18 -255
6 9 18 -255
6 8 18 -255
6 7 18 -255
6 6 18 -255
6 5 18 -255
6 5 17 -255
0 49 5 -78
2 4 18 -66
2 3 18 -84
2 2 18 -85
2 1 18 -85
2 1 17 -84
2 1 16 -84
2 0 16 -89
3 0 16 -126
3 0 15 -188
4 0 15 -255
5 0 15 -255
5 0 14 -255
3 6 19 -57
4 6 19 -227
5 6 19 -255
6 57 43 -56
7 57 43 -56
6 56 43 -71
6 56 42 -100
6 55 42 -255
6 55 41 -255
7 57 42 -59
7 56 42 -100
7 56 41 -132
7 56 40 -255
7 56 39 -255
7 56 38 -255
8 57 43 -61
8 56 43 -131
8 55 43 -255
8 55 42 -255
8 55 41 -255
8 55 40 -255
8 54 40 -255
7 54 40 -255
31 23 41 -45
31 24 41 -54
31 23 40 -46
31 22 40 -47
31 21 40 -79
31 20 40 -255
31 19 40 -255
31 18 40 -255
31 18 39 -255
31 17 39 -255
31 17 38 -255
31 16 38 -255
31 15 38 -255
31 14 38 -255
31 14 37 -255
31 13 37 -255
31 12 37 -255
31 12 36 -255
31 11 36 -255
31 10 36 -255
31 9 36 -255
31 9 35 -255
31 8 35 -255
31 7 35 -255
31 6 35 -255
31 5 35 -255
31 4 35 -255
30 4 35 -255
30 3 35 -255
30 2 35 -255
30 1 35 -255
30 0 35 -255
30 25 42 -41
31 25 42 -54
30 24 42 -48
30 24 43 -44
30 23 43 -58
30 22 43 -62
30 22 42 -79
30 21 42 -82
30 20 42 -89
30 20 41 -138
30 19 41 -247
30 18 41 -254
30 18 40 -254
30 17 40 -255
31 17 40 -255
30 23 41 -51
31 26 42 -41
31 26 43 -50
34 0 0 -32
35 0 0 -33
33 0 0 -32
32 0 0 -32
31 0 0 -32
30 0 0 -32
29 0 0 -32
28 0 0 -32
27 0 0 -32
26 0 0 -32
25 0 0 -33
24 0 0 -35
23 0 0 -39
22 0 0 -63
21 0 0 -254
20 0 0 -255
36 0 0 -35
37 0 0 -37
38 0 0 -40
