0 1 223
0 2 223
2 3 223
3 4 223
4 5 223
5 6 223
6 7 223
7 8 223
8 9 223
9 10 223
10 11 223
11 12 223
12 13 223
13 14 223
14 15 223
15 16 223
16 17 223
17 18 223
1 19 223
19 20 223
20 21 223
21 22 223
22 23 223
23 24 223
24 25 223
25 26 223
26 27 223
28 29 223
28 30 223
30 31 223
31 32 223
32 33 223
33 34 223
34 35 223
35 36 223
36 37 223
37 38 223
38 39 223
39 40 223
40 41 223
41 42 223
42 43 223
43 44 223
44 45 223
45 46 223
46 47 223
47 48 223
48 49 223
49 50 223
50 51 223
51 52 223
52 53 223
53 54 223
54 18 223
29 55 223
55 56 223
56 57 223
57 58 223
58 59 223
59 60 223
60 61 223
61 62 223
62 63 223
63 64 223
64 65 223
65 66 223
66 67 223
67 68 223
68 69 223
69 70 223
70 71 223
71 72 223
72 73 223
73 74 223
74 75 223
75 76 223
76 77 223
77 78 223
78 79 223
79 80 223
80 81 223
81 82 223
82 83 223
83 84 223
84 85 223
86 87 223
86 88 223
88 89 223
89 90 223
90 91 223
91 92 223
92 93 223
93 94 223
94 95 223
95 96 223
96 97 223
97 98 223
98 99 223
99 100 223
100 101 223
101 102 223
102 103 223
103 104 223
104 27 223
87 105 223
105 106 223
106 107 223
107 108 223
108 109 223
109 110 223
110 111 223
111 112 223
112 113 223
113 114 223
114 115 223
115 116 223
116 117 223
117 118 223
118 119 223
119 120 223
120 121 223
121 122 223
122 123 223
123 124 223
124 125 223
125 126 223
126 127 223
127 128 223
128 129 223
129 130 223
130 131 223
131 132 223
132 133 223
133 134 223
134 135 223
135 136 223
136 137 223
138 139 213
138 140 213
140 141 213
141 142 213
142 143 213
143 144 213
144 145 213
145 146 213
146 137 213
139 147 213
147 148 213
148 149 213
149 150 213
150 151 213
151 152 213
152 153 213
153 154 213
154 155 213
155 156 213
156 157 213
157 158 213
159 160 160
159 161 160
161 162 160
162 163 160
163 158 160
160 164 160
164 165 160
166 167 223
166 168 223
168 169 223
169 170 223
170 171 223
171 172 223
172 173 223
173 174 223
174 175 223
175 176 223
176 177 223
177 178 223
178 179 223
179 180 223
180 181 223
181 182 223
182 183 223
183 184 223
184 185 223
185 186 223
186 187 223
187 188 223
188 189 223
189 190 223
190 191 223
191 192 223
192 193 223
193 194 223
194 195 223
195 196 223
196 197 223
197 198 223
198 26 223
26 27 223
167 199 223
199 200 223
200 201 223
201 202 223
202 203 223
203 204 223
204 205 223
205 206 223
206 207 223
207 208 223
208 209 223
209 210 223
210 211 223
211 212 223
213 214 222
213 215 222
215 216 222
216 217 222
217 218 222
218 219 222
219 220 222
220 221 222
221 222 222
222 223 222
223 224 222
224 225 222
225 226 222
226 227 222
227 228 222
228 229 222
229 230 222
230 231 222
231 232 222
232 233 222
233 234 222
234 235 222
235 236 222
236 237 222
237 238 222
238 239 222
239 240 222
240 241 222
241 242 222
242 243 222
243 244 222
244 245 222
245 246 222
246 247 222
247 248 222
248 249 222
249 250 222
250 251 222
251 252 222
252 253 222
253 254 222
254 255 222
255 256 222
256 257 222
257 258 222
214 259 222
259 260 222
260 261 222
261 262 222
262 263 222
263 264 222
264 265 222
265 266 222
266 267 222
267 268 222
268 269 222
269 270 222
270 271 222
271 272 222
272 273 222
273 274 222
274 275 222
275 276 222
276 277 222
277 278 222
278 279 222
279 280 222
280 281 222
281 282 222
282 283 222
283 284 222
284 285 222
285 286 222
286 287 222
287 288 222
288 289 222
289 290 222
290 291 222
291 292 222
292 293 222
293 294 222
294 295 222
295 296 222
296 297 222
297 298 222
298 299 222
299 300 222
300 301 222
301 302 222
302 303 222
303 304 222
304 305 222
305 306 222
306 307 222
307 308 222
308 309 222
309 310 222
310 311 222
311 312 222
312 313 222
313 314 222
314 315 222
315 316 222
316 317 222
317 318 222
318 319 222
319 320 222
320 321 222
321 322 222
322 323 222
323 324 222
324 325 222
325 326 222
326 327 222
327 328 222
328 329 222
329 330 222
330 331 222
331 332 222
332 333 222
333 334 222
334 335 222
335 336 222
336 337 222
337 338 222
338 339 222
339 340 222
340 341 222
341 342 222
342 343 222
343 344 222
344 345 222
345 346 222
346 347 222
347 348 222
348 349 222
349 350 222
350 351 222
351 352 222
352 353 222
353 354 222
354 355 222
355 356 222
356 357 222
357 358 222
358 359 222
359 360 222
360 361 222
361 362 222
362 363 222
363 364 222
364 365 222
365 366 222
366 367 222
367 368 222
368 369 222
369 370 222
370 371 222
371 372 222
372 373 222
373 374 222
374 375 222
375 376 222
376 377 222
377 378 222
378 379 222
379 380 222
380 164 222
164 165 222
381 382 221
381 383 221
383 384 221
384 385 221
385 386 221
386 387 221
387 388 221
388 389 221
389 390 221
390 391 221
391 392 221
382 393 221
393 394 221
394 395 221
395 396 221
396 397 221
397 398 221
398 399 221
399 400 221
400 401 221
401 402 221
402 403 221
403 404 221
404 405 221
405 406 221
406 407 221
407 408 221
409 410 220
409 411 220
411 412 220
412 413 220
413 414 220
414 415 220
415 416 220
416 417 220
417 418 220
418 419 220
419 420 220
420 421 220
421 422 220
422 423 220
423 424 220
424 425 220
425 426 220
410 427 220
427 428 220
428 429 220
429 430 220
430 431 220
431 432 220
432 433 220
433 434 220
434 435 220
435 436 220
436 437 220
437 438 220
438 439 220
439 440 220
440 441 220
441 442 220
442 443 220
443 444 220
444 445 220
445 446 220
446 447 220
447 448 220
448 449 220
449 450 220
450 451 220
451 452 220
452 453 220
453 454 220
454 455 220
455 456 220
456 457 220
457 458 220
458 459 220
459 460 220
460 461 220
461 462 220
462 463 220
463 464 220
464 465 220
465 466 220
466 467 220
467 468 220
468 469 220
469 470 220
470 471 220
471 472 220
472 473 220
473 474 220
474 475 220
475 476 220
476 477 220
477 478 220
478 479 220
479 480 220
480 481 220
481 482 220
482 483 220
483 484 220
484 485 220
485 486 220
487 488 219
487 489 219
489 490 219
490 491 219
491 492 219
492 493 219
493 494 219
494 495 219
495 496 219
496 497 219
497 498 219
498 499 219
499 500 219
500 501 219
501 502 219
502 503 219
503 504 219
504 505 219
505 506 219
506 507 219
507 508 219
508 509 219
509 510 219
510 511 219
511 512 219
512 513 219
513 514 219
514 515 219
515 516 219
516 517 219
517 518 219
518 519 219
519 520 219
520 521 219
521 522 219
522 523 219
523 524 219
524 525 219
525 526 219
526 527 219
527 528 219
528 529 219
529 530 219
530 531 219
531 532 219
532 533 219
533 534 219
534 535 219
535 536 219
536 537 219
537 538 219
538 347 219
347 348 219
348 349 219
349 350 219
350 351 219
351 352 219
352 353 219
353 354 219
354 355 219
355 356 219
356 357 219
357 358 219
358 359 219
359 360 219
360 361 219
361 362 219
362 363 219
363 364 219
364 365 219
365 366 219
366 367 219
367 368 219
368 369 219
369 370 219
370 371 219
371 372 219
372 373 219
373 374 219
374 375 219
375 376 219
376 377 219
377 378 219
378 379 219
379 380 219
380 164 219
164 165 219
488 539 219
539 540 219
540 541 219
541 542 219
542 543 219
544 545 39
544 546 39
546 547 39
545 548 39
548 549 39
549 550 39
550 551 39
551 552 39
552 553 39
553 554 39
554 555 39
555 556 39
556 557 39
557 558 39
558 559 39
559 560 39
560 561 39
561 562 39
562 407 39
407 408 39
563 564 34
563 565 34
565 566 34
566 567 34
567 568 34
568 569 34
569 570 34
570 571 34
571 572 34
572 573 34
573 574 34
574 575 34
575 576 34
576 577 34
577 578 34
578 579 34
579 580 34
580 581 34
581 582 34
582 583 34
583 584 34
584 556 34
556 557 34
557 558 34
558 559 34
559 560 34
560 561 34
561 562 34
562 407 34
407 408 34
564 585 34
585 425 34
425 426 34
586 587 11
586 588 11
588 589 11
587 590 11
591 589 17
591 592 17
593 592 15
593 424 15
424 425 15
425 426 15
594 595 41
594 596 41
596 392 41
595 597 41
597 598 41
598 599 41
599 600 41
600 601 41
601 602 41
602 603 41
603 604 41
604 605 41
605 606 41
606 607 41
607 608 41
608 609 41
609 610 41
610 611 41
611 612 41
612 613 41
613 614 41
614 615 41
615 616 41
616 617 41
617 618 41
618 619 41
619 620 41
620 621 41
621 622 41
622 623 41
623 624 41
624 625 41
625 626 41
626 627 41
627 628 41
628 629 41
629 630 41
630 631 41
631 632 41
632 633 41
633 634 41
634 635 41
635 636 41
636 637 41
637 638 41
638 639 41
639 640 41
640 641 41
641 642 41
642 643 41
643 644 41
644 645 41
645 646 41
646 647 41
647 648 41
648 649 41
649 650 41
650 651 41
651 652 41
652 653 41
653 654 41
654 655 41
656 657 7
656 658 7
658 659 7
659 660 7
660 661 7
661 662 7
662 663 7
663 664 7
664 665 7
665 666 7
666 667 7
667 668 7
668 669 7
669 670 7
670 671 7
671 672 7
672 673 7
673 674 7
674 675 7
675 676 7
676 677 7
677 678 7
678 679 7
679 680 7
680 681 7
681 682 7
682 683 7
683 684 7
684 685 7
685 686 7
686 687 7
687 688 7
688 689 7
689 690 7
690 691 7
691 692 7
692 693 7
693 694 7
694 695 7
695 696 7
696 697 7
697 698 7
698 699 7
699 700 7
700 701 7
701 702 7
702 703 7
703 704 7
704 705 7
705 706 7
706 707 7
707 708 7
708 709 7
709 710 7
710 711 7
711 712 7
712 713 7
713 714 7
714 715 7
715 716 7
716 717 7
717 718 7
718 719 7
719 720 7
720 721 7
721 604 7
604 605 7
605 606 7
606 607 7
607 608 7
608 609 7
609 610 7
610 611 7
611 612 7
612 613 7
613 614 7
614 615 7
615 616 7
616 617 7
617 618 7
618 619 7
619 620 7
620 621 7
621 622 7
622 623 7
623 624 7
624 625 7
625 626 7
626 627 7
627 628 7
628 629 7
629 630 7
630 631 7
631 632 7
632 633 7
633 634 7
634 635 7
635 636 7
636 637 7
637 638 7
638 639 7
639 640 7
640 641 7
641 642 7
642 643 7
643 644 7
644 645 7
645 646 7
646 647 7
647 648 7
648 649 7
649 650 7
650 651 7
651 652 7
652 653 7
653 654 7
654 655 7
657 722 7
723 389 23
723 724 23
724 725 23
725 726 23
726 727 23
727 728 23
728 729 23
729 730 23
730 731 23
731 732 23
732 733 23
733 734 23
734 611 23
611 612 23
612 613 23
613 614 23
614 615 23
615 616 23
616 617 23
617 618 23
618 619 23
619 620 23
620 621 23
621 622 23
622 623 23
623 624 23
624 625 23
625 626 23
626 627 23
627 628 23
628 629 23
629 630 23
630 631 23
631 632 23
632 633 23
633 634 23
634 635 23
635 636 23
636 637 23
637 638 23
638 639 23
639 640 23
640 641 23
641 642 23
642 643 23
643 644 23
644 645 23
645 646 23
646 647 23
647 648 23
648 649 23
649 650 23
650 651 23
651 652 23
652 653 23
653 654 23
654 655 23
389 390 23
390 391 23
391 392 23
735 736 13
735 391 13
391 392 13
736 737 13
737 600 13
600 601 13
601 602 13
602 603 13
603 604 13
604 605 13
605 606 13
606 607 13
607 608 13
608 609 13
609 610 13
610 611 13
611 612 13
612 613 13
613 614 13
614 615 13
615 616 13
616 617 13
617 618 13
618 619 13
619 620 13
620 621 13
621 622 13
622 623 13
623 624 13
624 625 13
625 626 13
626 627 13
627 628 13
628 629 13
629 630 13
630 631 13
631 632 13
632 633 13
633 634 13
634 635 13
635 636 13
636 637 13
637 638 13
638 639 13
639 640 13
640 641 13
641 642 13
642 643 13
643 644 13
644 645 13
645 646 13
646 647 13
647 648 13
648 649 13
649 650 13
650 651 13
651 652 13
652 653 13
653 654 13
654 655 13
738 739 7
738 740 7
740 741 7
741 742 7
742 743 7
743 476 7
476 477 7
477 478 7
478 479 7
479 480 7
480 481 7
481 482 7
482 483 7
483 484 7
484 485 7
485 486 7
739 744 7
744 745 7
745 746 7
746 747 7
747 748 7
748 749 7
749 481 7
481 482 7
482 483 7
483 484 7
484 485 7
485 486 7
739 750 7
739 744 7
744 745 7
745 746 7
746 747 7
747 748 7
748 749 7
749 481 7
481 482 7
482 483 7
483 484 7
484 485 7
485 486 7
750 751 7
751 752 7
752 753 7
753 754 7
754 755 7
755 756 7
756 757 7
757 475 7
475 476 7
476 477 7
477 478 7
478 479 7
479 480 7
480 481 7
481 482 7
482 483 7
483 484 7
484 485 7
485 486 7
758 759 9
758 760 9
760 761 9
761 762 9
762 763 9
763 764 9
764 765 9
765 766 9
766 767 9
767 768 9
768 769 9
769 770 9
770 771 9
771 772 9
772 773 9
773 774 9
774 775 9
775 776 9
776 777 9
777 778 9
778 779 9
779 780 9
780 781 9
781 782 9
782 783 9
783 784 9
784 785 9
785 786 9
786 787 9
787 788 9
788 789 9
789 255 9
255 256 9
256 257 9
257 258 9
790 791 13
790 792 13
792 793 13
793 794 13
794 795 13
795 796 13
796 797 13
797 798 13
798 799 13
799 800 13
800 801 13
801 802 13
802 803 13
803 804 13
804 767 13
767 768 13
768 769 13
769 770 13
770 771 13
771 772 13
772 773 13
773 774 13
774 775 13
775 776 13
776 777 13
777 778 13
778 779 13
779 780 13
780 781 13
781 782 13
782 783 13
783 784 13
784 785 13
785 786 13
786 787 13
787 788 13
788 789 13
789 255 13
255 256 13
256 257 13
257 258 13
805 758 6
758 760 6
760 761 6
761 762 6
762 763 6
763 764 6
764 765 6
765 766 6
766 767 6
767 768 6
768 769 6
769 770 6
770 771 6
771 772 6
772 773 6
773 774 6
774 775 6
775 776 6
776 777 6
777 778 6
778 779 6
779 780 6
780 781 6
781 782 6
782 783 6
783 784 6
784 785 6
785 786 6
786 787 6
787 788 6
788 789 6
789 255 6
255 256 6
256 257 6
257 258 6
806 807 9
806 791 9
808 809 10
808 810 10
810 811 10
811 812 10
812 813 10
813 814 10
814 815 10
815 816 10
816 817 10
817 818 10
818 819 10
819 820 10
820 821 10
821 822 10
822 823 10
823 654 10
654 655 10
809 824 10
824 825 10
825 826 10
826 18 10
