12

0 1 223
0 2 223
2 3 223
3 4 223
4 5 223
5 6 223
6 7 223
7 8 223
8 9 223
9 10 223
10 11 223
11 12 223
12 13 223
13 14 223
14 15 223
15 16 223
16 17 223
17 18 223
18 19 223
19 20 223
20 21 223
21 22 223
22 23 223
23 24 223
24 25 223
25 26 223
26 27 223
27 28 223
28 29 223
29 30 223
30 31 223
31 32 223
32 33 223
33 34 223
34 35 223
35 36 223
1 37 223
37 38 223
38 39 223
39 40 223
40 41 223
41 42 223
42 43 223
43 44 223

45 46 196
45 47 196
47 48 196
48 49 196
49 50 196
50 51 196
51 52 196
52 53 196
53 54 196
54 55 196
55 56 196
56 57 196
57 58 196
58 59 196
59 60 196
60 61 196
61 62 196
62 63 196
63 64 196
64 65 196
65 66 196
66 67 196
67 68 196
68 69 196
69 70 196
70 71 196
71 72 196
72 73 196
73 74 196
74 75 196
75 76 196
76 77 196
77 78 196
78 79 196
79 80 196
80 81 196
81 82 196
82 83 196
83 84 196
84 85 196
85 86 196
86 87 196
87 88 196
88 89 196
89 90 196
90 91 196
91 92 196
92 93 196
93 94 196
94 95 196
95 96 196
96 97 196
97 98 196
98 99 196
99 100 196
100 101 196
101 102 196
102 103 196
103 104 196
104 105 196
105 106 196
106 107 196
107 108 196
108 109 196
109 110 196
110 111 196
111 112 196
112 113 196
113 114 196
114 115 196
115 116 196
116 117 196
117 118 196
118 119 196
119 120 196
120 121 196
121 122 196
122 123 196
123 124 196
124 125 196
125 126 196
126 127 196
127 128 196
128 129 196
129 130 196
130 131 196
131 132 196
132 133 196
133 134 196
134 135 196
135 136 196
136 137 196
137 138 196
138 139 196
139 140 196
140 141 196
141 142 196
142 143 196
143 144 196
144 145 196
145 146 196
146 147 196
147 148 196
148 149 196
149 150 196
150 151 196
151 152 196
152 153 196
153 154 196
154 155 196
155 156 196
156 157 196
157 158 196
158 159 196
159 160 196
160 161 196
161 162 196
162 163 196
163 164 196
164 165 196
165 166 196
166 167 196
167 168 196
168 169 196
169 170 196
170 171 196
171 172 196
46 173 196
173 174 196
174 175 196
175 176 196
176 177 196
177 178 196
178 179 196
179 180 196
180 181 196
181 182 196
182 183 196
183 184 196
184 185 196
185 186 196
186 187 196
187 188 196
188 189 196
189 190 196
190 191 196
191 192 196
192 193 196
193 194 196
194 195 196
195 196 196
196 197 196
197 198 196
198 199 196
199 200 196
200 201 196
201 202 196
202 203 196
203 204 196
204 205 196
205 206 196
206 207 196
207 208 196
208 209 196
209 210 196
210 211 196
211 212 196
212 213 196
213 214 196
214 215 196
215 216 196
216 217 196
217 218 196
218 219 196
219 220 196
220 221 196
221 222 196
222 223 196
223 224 196
224 225 196
225 226 196
226 227 196
227 228 196
228 229 196
229 230 196
230 231 196
231 232 196
232 233 196
233 234 196
234 235 196
235 236 196
236 237 196
237 238 196
238 239 196
239 240 196
240 241 196
241 242 196
242 243 196
243 244 196
244 245 196
245 246 196
246 247 196
247 248 196
248 249 196
249 250 196
250 251 196
251 252 196
252 253 196
253 254 196
254 255 196
255 256 196
256 257 196
257 258 196
258 259 196
259 260 196
260 261 196
261 262 196
262 263 196
263 264 196
264 265 196
265 266 196
266 267 196
267 268 196
268 269 196
269 270 196
270 271 196
271 272 196
272 273 196
273 274 196
274 275 196
275 276 196
276 277 196
277 278 196
278 279 196
279 280 196
280 281 196
281 282 196
282 283 196
283 284 196
284 285 196
285 286 196
286 287 196
287 288 196
288 289 196
289 290 196
290 291 196
291 292 196
292 293 196
293 294 196
294 295 196
295 296 196
296 297 196
297 298 196
298 299 196
299 300 196
300 301 196
301 302 196
302 303 196
303 304 196
304 305 196
305 306 196
306 307 196
307 308 196
308 309 196
309 310 196
310 311 196
311 312 196
312 313 196
313 314 196
314 315 196
315 316 196
316 317 196
317 318 196
318 319 196
319 320 196
320 321 196
321 322 196
322 323 196
323 324 196
324 325 196
325 326 196
326 327 196
327 328 196
328 329 196
329 330 196
330 331 196
331 332 196
332 333 196
333 334 196
334 335 196
335 336 196
336 337 196
337 338 196
338 339 196
339 340 196
340 341 196
341 342 196
342 343 196
343 344 196
344 345 196
345 32 196
32 33 196
33 34 196
34 35 196
35 36 196

346 347 205
346 348 205
348 349 205
349 350 205
350 351 205
351 352 205
352 353 205
353 354 205
354 355 205
347 356 205
356 357 205
357 358 205
358 359 205
359 360 205
360 361 205
361 362 205
362 363 205
363 364 205
364 365 205
365 366 205
366 367 205
367 368 205
368 369 205
369 370 205
370 371 205
371 372 205
372 373 205
373 374 205
374 375 205
375 376 205
376 208 205
208 209 205
209 210 205
210 211 205
211 212 205
212 213 205
213 214 205
214 215 205
215 216 205
216 217 205
217 218 205
218 219 205
219 220 205
220 221 205
221 222 205
222 223 205
223 224 205
224 225 205
225 226 205
226 227 205
227 228 205
228 229 205
229 230 205
230 231 205
231 232 205
232 233 205
233 234 205
234 235 205
235 236 205
236 237 205
237 238 205
238 239 205
239 240 205
240 241 205
241 242 205
242 243 205
243 244 205
244 245 205
245 246 205
246 247 205
247 248 205
248 249 205
249 250 205
250 251 205
251 252 205
252 253 205
253 254 205
254 255 205
255 256 205
256 257 205
257 258 205
258 259 205
259 260 205
260 261 205
261 262 205
262 263 205
263 264 205
264 265 205
265 266 205
266 267 205
267 268 205
268 269 205
269 270 205
270 271 205
271 272 205
272 273 205
273 274 205
274 275 205
275 276 205
276 277 205
277 278 205
278 279 205
279 280 205
280 281 205
281 282 205
282 283 205
283 284 205
284 285 205
285 286 205
286 287 205
287 288 205
288 289 205
289 290 205
290 291 205
291 292 205
292 293 205
293 294 205
294 295 205
295 296 205
296 297 205
297 298 205
298 299 205
299 300 205
300 301 205
301 302 205
302 303 205
303 304 205
304 305 205
305 306 205
306 307 205
307 308 205
308 309 205
309 310 205
310 311 205
311 312 205
312 313 205
313 314 205
314 315 205
315 316 205
316 317 205
317 318 205
318 319 205
319 320 205
320 321 205
321 322 205
322 323 205
323 324 205
324 325 205
325 326 205
326 327 205
327 328 205
328 329 205
329 330 205
330 331 205
331 332 205
332 333 205
333 334 205
334 335 205
335 336 205
336 337 205
337 338 205
338 339 205
339 340 205
340 341 205
341 342 205
342 343 205
343 344 205
344 345 205
345 32 205
32 33 205
33 34 205
34 35 205
35 36 205

377 378 219
377 379 219
379 380 219
380 381 219
381 382 219
382 383 219
383 384 219
384 385 219
385 386 219
386 387 219
387 388 219
388 389 219
389 390 219
390 391 219
391 392 219
392 393 219
393 394 219
394 395 219
395 396 219
396 397 219
397 398 219
398 399 219
399 400 219
400 401 219
401 402 219
402 403 219
403 404 219
378 405 219
405 406 219
406 407 219
407 408 219
408 409 219
409 410 219
410 411 219
411 412 219
412 413 219
413 414 219
414 415 219
415 416 219
416 417 219
417 418 219
418 419 219
419 420 219
420 421 219
421 422 219
422 423 219
423 424 219
424 425 219
425 426 219
426 427 219
427 428 219
428 429 219
429 430 219
430 431 219
431 432 219
432 433 219
433 434 219
434 435 219
435 436 219
436 437 219
437 438 219
438 439 219
439 440 219
440 441 219
441 442 219
442 443 219
443 444 219
444 445 219
445 446 219
446 447 219
447 448 219
448 449 219
449 450 219
450 451 219
451 452 219
452 453 219
453 454 219
454 455 219
455 456 219
456 457 219
457 458 219
458 459 219
459 460 219
460 461 219
461 326 219
326 327 219
327 328 219
328 329 219
329 330 219
330 331 219
331 332 219
332 333 219
333 334 219
334 335 219
335 336 219
336 337 219
337 338 219
338 339 219
339 340 219
340 341 219
341 342 219
342 343 219
343 344 219
344 345 219
345 32 219
32 33 219
33 34 219
34 35 219
35 36 219

462 463 212
462 464 212
464 465 212
465 466 212
466 467 212
467 468 212
468 469 212
469 470 212
470 471 212
471 472 212
472 404 212
463 473 212
473 474 212
474 475 212
475 476 212
476 477 212
477 478 212
478 479 212
479 480 212

481 482 84
481 483 84
482 484 84
484 485 84
485 486 84
486 354 84
354 355 84

487 488 76
487 489 76
489 490 76
490 491 76
491 492 76
492 493 76
493 494 76
494 495 76
495 496 76
488 497 76

498 483 14
498 497 14

499 500 118
499 501 118
501 502 118
502 503 118
503 504 118
504 505 118
505 506 118
506 507 118
507 508 118
508 509 118
509 510 118
510 511 118
511 512 118
512 513 118
513 514 118
514 515 118
515 516 118
516 517 118
517 518 118
518 519 118
519 520 118
520 521 118
521 522 118
522 523 118
523 524 118
524 525 118
525 526 118
526 527 118
527 528 118
528 529 118
529 530 118
530 531 118
531 532 118
532 533 118
533 534 118
534 535 118
535 536 118
536 537 118
537 538 118
538 539 118
539 540 118
540 541 118
541 542 118
542 543 118
543 544 118
544 545 118
545 546 118
546 547 118
547 548 118
548 549 118
549 550 118
550 551 118
551 426 118
426 427 118
427 428 118
428 429 118
429 430 118
430 431 118
431 432 118
432 433 118
433 434 118
434 435 118
435 436 118
436 437 118
437 438 118
438 439 118
439 440 118
440 441 118
441 442 118
442 443 118
443 444 118
444 445 118
445 446 118
446 447 118
447 448 118
448 449 118
449 450 118
450 451 118
451 452 118
452 453 118
453 454 118
454 455 118
455 456 118
456 457 118
457 458 118
458 459 118
459 460 118
460 461 118
461 326 118
326 327 118
327 328 118
328 329 118
329 330 118
330 331 118
331 332 118
332 333 118
333 334 118
334 335 118
335 336 118
336 337 118
337 338 118
338 339 118
339 340 118
340 341 118
341 342 118
342 343 118
343 344 118
344 345 118
345 32 118
32 33 118
33 34 118
34 35 118
35 36 118
500 552 118
552 553 118

554 555 7
554 556 7
556 557 7
557 558 7
558 559 7
559 560 7
560 561 7
561 562 7
562 563 7
563 564 7
564 565 7
565 566 7
566 567 7
567 480 7

568 569 7
568 570 7
570 571 7
571 572 7
572 573 7
573 574 7
574 575 7
575 576 7
576 577 7
577 578 7
578 579 7
579 580 7
580 581 7
581 582 7
582 583 7
583 584 7
584 585 7
585 586 7
586 587 7
587 588 7
588 589 7
589 590 7
590 591 7
591 592 7
592 593 7
593 594 7
594 595 7
595 596 7
596 597 7
597 598 7
598 599 7
599 600 7
600 601 7
601 602 7
602 603 7
603 604 7
604 605 7
605 606 7
606 607 7
607 608 7
608 609 7
609 610 7
610 611 7
611 612 7
612 613 7
613 614 7
614 615 7
615 616 7
616 617 7
617 618 7
618 619 7
619 620 7
620 621 7
621 622 7
622 623 7
623 624 7
624 625 7
625 626 7
626 627 7
627 628 7
628 629 7
629 630 7
630 631 7
631 632 7
632 633 7
633 634 7
634 635 7
635 636 7
636 637 7
637 638 7
638 639 7
639 640 7
640 641 7
641 642 7
642 643 7
643 644 7
644 645 7
645 544 7
544 545 7
545 546 7
546 547 7
547 548 7
548 549 7
549 550 7
550 551 7
551 426 7
426 427 7
427 428 7
428 429 7
429 430 7
430 431 7
431 432 7
432 433 7
433 434 7
434 435 7
435 436 7
436 437 7
437 438 7
438 439 7
439 440 7
440 441 7
441 442 7
442 443 7
443 444 7
444 445 7
445 446 7
446 447 7
447 448 7
448 449 7
449 450 7
450 451 7
451 452 7
452 453 7
453 454 7
454 455 7
455 456 7
456 457 7
457 458 7
458 459 7
459 460 7
460 461 7
461 326 7
326 327 7
327 328 7
328 329 7
329 330 7
330 331 7
331 332 7
332 333 7
333 334 7
334 335 7
335 336 7
336 337 7
337 338 7
338 339 7
339 340 7
340 341 7
341 342 7
342 343 7
343 344 7
344 345 7
345 32 7
32 33 7
33 34 7
34 35 7
35 36 7

646 647 6
646 648 6
648 649 6
649 650 6
650 651 6
651 284 6
284 285 6
285 286 6
286 287 6
287 288 6
288 289 6
289 290 6
290 291 6
291 292 6
292 293 6
293 294 6
294 295 6
295 296 6
296 297 6
297 298 6
298 299 6
299 300 6
300 301 6
301 302 6
302 303 6
303 304 6
304 305 6
305 306 6
306 307 6
307 308 6
308 309 6
309 310 6
310 311 6
311 312 6
312 313 6
313 314 6
314 315 6
315 316 6
316 317 6
317 318 6
318 319 6
319 320 6
320 321 6
321 322 6
322 323 6
323 324 6
324 325 6
325 326 6
326 327 6
327 328 6
328 329 6
329 330 6
330 331 6
331 332 6
332 333 6
333 334 6
334 335 6
335 336 6
336 337 6
337 338 6
338 339 6
339 340 6
340 341 6
341 342 6
342 343 6
343 344 6
344 345 6
345 32 6
32 33 6
33 34 6
34 35 6
35 36 6

EOF
